       0/2     11.5G      5.17      3.53      2.41      11.1        76       512     0.219     0.459     0.267      0.29      4.04      1.72      1.48
       1/2     11.5G      3.68      1.96      1.15      6.79        95       512     0.406     0.613     0.479     0.487      3.39       1.4       1.2
     2/199     11.8G      3.33      1.68     0.943      5.95        76       512     0.427     0.621     0.484     0.505      3.47      1.32      1.16
     3/199     11.8G      2.93      1.54      0.81      5.28        95       512      0.45     0.633     0.503     0.523      2.99      1.32       1.2
     4/199     11.8G      2.78      1.49     0.781      5.05       134       512     0.484     0.635     0.517     0.548      3.11      1.19       1.2
     5/199     11.8G      2.68      1.44     0.735      4.86       134       512     0.536     0.637     0.535     0.582      2.91      1.15      1.21
     6/199     11.8G      2.59      1.37     0.624      4.58       110       512     0.469       0.7     0.543      0.56      2.86      1.13      1.26
     7/199     11.8G      2.53      1.35     0.569      4.45       140       512     0.524     0.653     0.536     0.581      2.86      1.16      1.19
     8/199     11.8G      2.49      1.32     0.573      4.38        88       512     0.521     0.656     0.543      0.58      2.83      1.15      1.26
     9/199     11.8G       2.5      1.31     0.546      4.36       119       512      0.51     0.653     0.523     0.567      2.96       1.2      1.36
    10/199     11.8G       2.5      1.35     0.537      4.38       104       512     0.527     0.639     0.524     0.576      2.81      1.22      1.27
    11/199     11.8G       2.4      1.31     0.445      4.16       110       512     0.513     0.644      0.54      0.57      2.79      1.15      1.23
    12/199     11.8G       2.4      1.28      0.46      4.14        87       512     0.505     0.673      0.54     0.576      2.81      1.17      1.34
    13/199     11.8G      2.37      1.25     0.433      4.05       128       512     0.549     0.664     0.553     0.599      2.79      1.17      1.24
    14/199     11.8G      2.34      1.28     0.401      4.02        97       512     0.544      0.66     0.552     0.596      2.82      1.17      1.26
    15/199     11.8G      2.29      1.24     0.393      3.92        79       512     0.529     0.661     0.547     0.587      2.78      1.15      1.36
    16/199     11.8G      2.26      1.26     0.376      3.89        78       512     0.518      0.66     0.537     0.579      2.79      1.16       1.4
    17/199     11.8G      2.24       1.2     0.373      3.82        93       512     0.549     0.645     0.544     0.592      2.77      1.24      1.38
    18/199     11.8G      2.24      1.21     0.345       3.8        75       512     0.521     0.657     0.523     0.581      2.83      1.21      1.55
    19/199     11.8G      2.21      1.21     0.334      3.76        64       512     0.553     0.666     0.549     0.604      2.77      1.22      1.35
    20/199     11.8G       2.2      1.19     0.305       3.7        76       512     0.582     0.663     0.555     0.617      2.75      1.26      1.28
    21/199     11.8G      2.17       1.2      0.31      3.68       119       512     0.542     0.667     0.551     0.597      2.83      1.23      1.32
    22/199     11.8G      2.14      1.19     0.302      3.63       115       512     0.545     0.668      0.55     0.599      2.77       1.2      1.35
    23/199     11.8G      2.12      1.16     0.278      3.56        97       512     0.544     0.668     0.541     0.599      2.74      1.22      1.43
    24/199     11.8G      2.13      1.16     0.286      3.57        72       512     0.579     0.641     0.548     0.608      2.77      1.23      1.38
    25/199     11.8G      2.11      1.14     0.297      3.55        85       512     0.506     0.506     0.429     0.495      3.05      1.51      1.75
    26/199     11.8G      2.23      1.29     0.354      3.87        73       512     0.515     0.651     0.523     0.574      2.83      1.24      1.38
    27/199     11.8G      2.16      1.19      0.32      3.67        69       512     0.526      0.65     0.527     0.581      2.82      1.23      1.43
    28/199     11.8G      2.11      1.18     0.274      3.56       103       512     0.532     0.647     0.519     0.583       2.8      1.26      1.51
    29/199     11.8G      2.07      1.14     0.248      3.46       100       512     0.558     0.656     0.537     0.602      2.77      1.22      1.43
    30/199     11.8G      2.04      1.12     0.242       3.4       112       512     0.555      0.67     0.556     0.606      2.75      1.25       1.4
    31/199     11.8G      2.01       1.1     0.228      3.34        76       512     0.536     0.642     0.535     0.584      2.84      1.25      1.48
    32/199     11.8G      1.98      1.09     0.209      3.28        95       512     0.555     0.654     0.546     0.599      2.79      1.32       1.5
    33/199     11.8G      1.97      1.05     0.198      3.22       134       512     0.576     0.661      0.55     0.613      2.81      1.32      1.52
    34/199     11.8G      1.84       0.9     0.122      2.86        76       512     0.557     0.668     0.552     0.607      2.96      1.35      1.47
    35/199     11.8G      1.81     0.863     0.104      2.77        95       512     0.566     0.642     0.534     0.601      2.92      1.45      1.52
    36/199     11.8G       1.8      0.84    0.0981      2.74       134       512     0.584     0.666     0.545     0.621       2.9      1.43      1.46
    37/199     11.8G       1.9      1.06     0.192      3.15       134       512     0.546     0.666     0.546     0.599      2.88      1.34      1.53
    38/199     11.8G      1.89      1.04       0.2      3.14       110       512      0.52     0.673     0.536     0.584      2.81       1.3      1.53
    39/199     11.8G      1.87      1.04     0.197      3.11       140       512      0.57     0.651      0.55     0.607      2.84      1.36       1.5
    40/199     11.8G      1.86         1     0.186      3.05        88       512     0.542     0.678      0.55     0.601      2.79      1.29      1.55
    41/199     11.8G      1.85     0.989     0.171      3.01       119       512     0.557     0.632     0.532     0.592      2.82      1.38      1.65
    42/199     11.8G      1.86      1.01     0.158      3.03       104       512     0.536     0.663     0.546     0.592      2.76      1.37      1.55
    43/199     11.8G       1.8     0.991     0.142      2.93       110       512     0.566     0.654     0.542     0.606      2.79      1.37      1.54
    44/199     11.8G      1.81     0.981     0.158      2.95        87       512     0.551     0.642      0.53     0.593      2.82       1.4      1.63
    45/199     11.8G      1.81     0.961      0.15      2.92       128       512     0.532      0.65     0.518     0.585      2.82      1.36      1.58
    46/199     11.8G      1.78     0.989     0.155      2.92        97       512     0.567     0.643     0.538     0.602      2.81      1.37      1.65
    47/199     11.8G      1.75      0.96     0.145      2.86        79       512     0.576     0.654     0.536     0.611      2.84      1.41      1.56
    48/199     11.8G      1.67     0.848     0.108      2.62        76       512     0.544     0.646     0.534     0.591       2.9      1.47      1.53
    49/199     11.8G      1.64     0.816    0.0936      2.55        95       512     0.557     0.644     0.541     0.597      2.84      1.49      1.55
    50/199     11.8G      1.63     0.791      0.11      2.53       134       512     0.562     0.643     0.531     0.599      2.82      1.48       1.6
    51/199     11.8G      1.66     0.862     0.122      2.65       134       512     0.591     0.645     0.542     0.616      2.86      1.44      1.53
    52/199     11.8G      1.65     0.861     0.106      2.62       110       512     0.559     0.665      0.54     0.604      2.82      1.44      1.53
    53/199     11.8G      1.63     0.866     0.112      2.61       140       512     0.564     0.636     0.536     0.597      2.83      1.49      1.55
    54/199     11.8G      1.63     0.837     0.105      2.57        88       512     0.574     0.627     0.528     0.598      2.86      1.51      1.54
    55/199     11.8G      1.61     0.812     0.101      2.52       119       512     0.563     0.643     0.532       0.6      2.85      1.46      1.78
    56/199     11.8G      1.61      0.84    0.0888      2.54       104       512     0.569     0.648      0.53     0.605      2.85      1.56      1.55
    57/199     11.8G      1.58     0.814    0.0838      2.48       110       512      0.57     0.646     0.539     0.604      2.83       1.5      1.61
    58/199     11.8G      1.59     0.812    0.0858      2.48        87       512     0.548     0.647     0.533     0.593       2.8      1.49      1.64
    59/199     11.8G      1.57     0.792    0.0828      2.45       128       512     0.563     0.634     0.536     0.596      2.86      1.53      1.62
    60/199     11.8G      1.57     0.833    0.0949       2.5        97       512     0.558     0.634     0.524     0.593      2.88      1.53      1.65
    61/199     11.8G      1.53       0.8    0.0874      2.42        79       512     0.565      0.64      0.53     0.598      2.85       1.6      1.43
    62/199     11.8G      1.61     0.913      0.14      2.67        78       512     0.566     0.663      0.54      0.61       2.8      1.46      1.61
    63/199     11.8G      1.63     0.885     0.137      2.65        93       512     0.567     0.651      0.53     0.606      2.84      1.51      1.72
    64/199     11.8G      1.62      0.89     0.115      2.63        75       512     0.587      0.64     0.541     0.612      2.83      1.47      1.72
    65/199     11.8G       1.6     0.896     0.126      2.62        64       512     0.547     0.646      0.53     0.592      2.84      1.46       1.6
    66/199     11.8G       1.6     0.883     0.113       2.6        76       512     0.575     0.647     0.542     0.607      2.82       1.5      1.63
    67/199     11.8G      1.59     0.894     0.132      2.61       119       512     0.574     0.641     0.532     0.605      2.83      1.46      1.58
    68/199     11.8G      1.58     0.887     0.131       2.6       115       512     0.587     0.642     0.536     0.612      2.78      1.47      1.62
    69/199     11.8G      1.56     0.867     0.115      2.54        97       512     0.564     0.639     0.522     0.598      2.77      1.53      1.68
    70/199     11.8G      1.58     0.862     0.123      2.57        72       512     0.555     0.629     0.529     0.589       2.8      1.53      1.55
    71/199     11.8G      1.53     0.835     0.113      2.48        85       512     0.563     0.643     0.533     0.599       2.8      1.47      1.66
    72/199     11.8G      1.54      0.87     0.115      2.52        73       512     0.572     0.637     0.532     0.602      2.83      1.55      1.64
    73/199     11.8G      1.53     0.836     0.102      2.47        69       512     0.577     0.625     0.525     0.599      2.84      1.55      1.61
    74/199     11.8G      1.52      0.85     0.104      2.48       103       512      0.59     0.621     0.526     0.604      2.82      1.54      1.59
    75/199     11.8G       1.5     0.839    0.0998      2.44       100       512     0.602      0.62      0.52      0.61      2.84      1.57      1.63
    76/199     11.8G      1.48      0.82     0.109      2.41       112       512      0.59     0.629     0.534     0.608      2.78      1.54      1.64
    77/199     11.8G      1.51     0.842     0.118      2.47        81       512     0.597     0.644     0.541     0.619      2.81       1.5      1.62
    78/199     11.8G      1.53     0.866     0.128      2.53       105       512     0.571     0.641      0.53     0.603      2.83       1.5      1.71
    79/199     11.8G      1.51     0.866     0.134      2.51        83       512     0.578     0.642     0.536     0.607      2.83       1.5      1.59
    80/199     11.8G       1.5     0.859     0.121      2.48        77       512     0.582     0.623      0.53     0.601      2.81      1.52      1.72
    81/199     11.8G      1.49      0.84     0.105      2.44        80       512     0.544     0.651      0.53     0.593      2.83      1.49      1.68
    82/199     11.8G      1.47     0.849       0.1      2.42        89       512     0.576     0.632     0.527     0.602      2.79      1.54      1.64
    83/199     11.8G      1.47      0.82     0.113       2.4        80       512     0.606     0.612     0.523     0.608      2.82      1.59       1.7
    84/199     11.8G      1.47     0.837     0.119      2.43        96       512     0.602     0.631     0.533     0.616      2.81      1.51      1.64
    85/199     11.8G      1.46     0.825     0.102      2.39        85       512     0.593     0.627     0.538     0.609      2.79      1.53      1.64
    86/199     11.8G      1.44     0.819     0.111      2.37        72       512     0.574     0.624     0.529     0.597      2.82      1.57      1.68
    87/199     11.8G      1.44     0.799     0.104      2.35        95       512     0.606     0.622     0.527     0.613      2.82       1.6      1.69
    88/199     11.8G      1.43     0.805    0.0992      2.33        72       512     0.592     0.631     0.533      0.61      2.81      1.58      1.79
    89/199     11.8G      1.41     0.796    0.0952       2.3       101       512     0.583     0.615     0.526     0.598      2.82      1.62      1.71
    90/199     11.8G      1.42      0.79    0.0984       2.3        87       512     0.594      0.62     0.541     0.606      2.82      1.57      1.71
    91/199     11.8G      1.41     0.789     0.084      2.28        95       512     0.583     0.631     0.544     0.605      2.82      1.61      1.57
    92/199     11.8G      1.38     0.791    0.0903      2.26        71       512     0.589     0.628     0.529     0.607       2.8      1.59      1.79
    93/199     11.8G      1.37      0.79    0.0954      2.25       105       512     0.597     0.639     0.541     0.617      2.82      1.66      1.77
    94/199     11.8G      1.37     0.789    0.0911      2.25       106       512     0.602     0.633     0.526     0.616      2.82      1.58      1.74
    95/199     11.8G      1.35     0.781    0.0986      2.23        78       512     0.572     0.636     0.529     0.602      2.83      1.59       1.7
    96/199     11.8G      1.36     0.764    0.0945      2.22       139       512     0.606     0.617     0.534     0.611      2.83       1.6      1.77
    97/199     11.8G      1.36     0.753    0.0908      2.21        75       512     0.603      0.62      0.53      0.61      2.84      1.63       1.8
    98/199     11.8G      1.35     0.782    0.0856      2.22        97       512     0.612     0.618     0.528     0.615      2.82      1.59      1.73
    99/199     11.8G      1.34     0.746     0.077      2.16        85       512     0.594     0.624      0.53     0.608      2.81      1.63      1.74
   100/199     11.8G      1.31     0.756    0.0794      2.15        90       512     0.615     0.621     0.535     0.617       2.8      1.62      1.74
   101/199     11.8G      1.31      0.75    0.0882      2.15        84       512     0.603     0.599     0.523       0.6      2.84      1.75      1.57
   102/199     11.8G       1.3     0.737     0.074      2.11        98       512     0.602      0.63     0.541     0.615      2.82      1.64      1.73
   103/199     11.8G      1.28      0.75    0.0819      2.11       121       512     0.603     0.616     0.528     0.609      2.84      1.65      1.75
   104/199     11.8G       1.3     0.742    0.0773      2.12        97       512     0.597     0.617     0.523     0.606      2.84      1.69      1.61
