2 0.5041666666666667 0.324 0.06041666666666667 0.088
2 0.565625 0.854 0.08333333333333333 0.10400000000000001
2 0.6432291666666666 0.41100000000000003 0.065625 0.078
2 0.7505208333333333 0.10400000000000001 0.053125 0.1
2 0.13020833333333334 0.805 0.075 0.10200000000000001
2 0.03854166666666667 0.927 0.0625 0.114
2 0.084375 0.222 0.06666666666666667 0.076
2 0.26197916666666665 0.10400000000000001 0.06145833333333333 0.08
2 0.6614583333333334 0.12 0.05416666666666667 0.10400000000000001
2 0.265625 0.417 0.0625 0.098
