2 0.14696485623003194 0.26139088729016785 0.08306709265175719 0.09592326139088728
2 0.36741214057507987 0.2589928057553957 0.08626198083067092 0.09592326139088728
2 0.6629392971246006 0.3057553956834532 0.07348242811501597 0.09832134292565947
2 0.8562300319488818 0.1750599520383693 0.0670926517571885 0.07673860911270983
0 0.14217252396166133 0.17026378896882494 0.10543130990415335 0.08153477218225419
0 0.6701277955271565 0.21223021582733811 0.09424920127795527 0.11750599520383692
0 0.8570287539936102 0.07673860911270983 0.0878594249201278 0.11031175059952038
1 0.1389776357827476 0.4688249400479616 0.1501597444089457 0.33812949640287765
1 0.35543130990415334 0.49999999999999994 0.1996805111821086 0.39568345323741005
1 0.8594249201277955 0.4136690647482014 0.19808306709265175 0.3333333333333333
