3 0.7985 0.9366666666666666 0.073 0.07866666666666666
3 0.6775 0.94 0.057 0.10133333333333333
3 0.537 0.9406666666666667 0.08600000000000001 0.09733333333333333
3 0.455 0.9506666666666667 0.052000000000000005 0.09333333333333332
1 0.7545000000000001 0.48666666666666664 0.151 0.24533333333333332
1 0.491 0.4953333333333333 0.146 0.2733333333333333
1 0.3735 0.512 0.145 0.312
1 0.214 0.498 0.214 0.40399999999999997
0 0.2165 0.19133333333333333 0.091 0.06799999999999999
0 0.368 0.24933333333333332 0.10400000000000001 0.08266666666666667
0 0.4915 0.24533333333333332 0.089 0.08
0 0.6065 0.244 0.08700000000000001 0.08266666666666667
0 0.7375 0.26666666666666666 0.089 0.09333333333333332
