2 0.14574468085106385 0.10088832487309644 0.03829787234042553 0.021573604060913704
2 0.22393617021276596 0.6376903553299492 0.047872340425531915 0.031725888324873094
2 0.46914893617021275 0.35406091370558374 0.06595744680851064 0.06345177664974619
2 0.8462765957446808 0.45685279187817257 0.05425531914893617 0.04314720812182741
0 0.13936170212765958 0.07804568527918782 0.04042553191489362 0.031725888324873094
0 0.449468085106383 0.27220812182741116 0.08191489361702128 0.09010152284263959
0 0.8537234042553191 0.40736040609137053 0.05425531914893617 0.06345177664974619
0 0.225531914893617 0.5983502538071066 0.04468085106382979 0.05456852791878172
3 0.8148936170212766 0.883248730964467 0.03617021276595745 0.07360406091370558
3 0.8590425531914894 0.8293147208121827 0.04574468085106383 0.06472081218274112
3 0.13297872340425532 0.3312182741116751 0.0425531914893617 0.050761421319796954
3 0.17872340425531916 0.3236040609137056 0.03404255319148936 0.055837563451776644
1 0.14308510638297872 0.1681472081218274 0.07765957446808511 0.10786802030456852
1 0.46276595744680854 0.5126903553299492 0.17872340425531916 0.25380710659898476
1 0.848936170212766 0.5539340101522843 0.09787234042553192 0.1814720812182741
1 0.2154255319148936 0.7220812182741116 0.10319148936170212 0.16243654822335024
