0 0.46707317073170734 0.5586080586080586 0.08048780487804878 0.11355311355311355
0 0.8451219512195122 0.5531135531135531 0.06585365853658537 0.12454212454212454
0 0.7378048780487805 0.6831501831501832 0.08536585365853659 0.08424908424908426
0 0.08902439024390243 0.7619047619047619 0.07560975609756097 0.07326007326007326
0 0.09268292682926829 0.5897435897435898 0.06341463414634146 0.10989010989010989
2 0.5414634146341464 0.7234432234432234 0.05365853658536585 0.06227106227106227
2 0.29024390243902437 0.6996336996336996 0.05365853658536585 0.08058608058608059
2 0.3146341463414634 0.5934065934065934 0.058536585365853655 0.06593406593406594
0 0.6695121951219513 0.8663003663003663 0.0951219512195122 0.09157509157509157
0 0.5390243902439025 0.9010989010989011 0.11219512195121951 0.09523809523809523
0 0.3695121951219512 0.8571428571428571 0.09024390243902439 0.06593406593406594
