0 0.11111111111111112 0.11056511056511056 0.07516339869281045 0.07862407862407862
0 0.23366013071895425 0.13022113022113022 0.0784313725490196 0.08845208845208845
0 0.40441176470588236 0.11179361179361179 0.09313725490196079 0.10073710073710074
0 0.6282679738562091 0.08722358722358722 0.08660130718954248 0.11547911547911548
0 0.8611111111111112 0.13882063882063883 0.0784313725490196 0.11056511056511056
1 0.2361111111111111 0.39434889434889436 0.25980392156862747 0.3906633906633907
1 0.6356209150326798 0.355036855036855 0.22875816993464054 0.36609336609336607
1 0.8627450980392157 0.40786240786240785 0.17647058823529413 0.36363636363636365
3 0.13071895424836602 0.7407862407862408 0.11437908496732027 0.18427518427518427
3 0.25 0.8476658476658476 0.11437908496732027 0.22604422604422603
3 0.43300653594771243 0.8366093366093366 0.13071895424836602 0.19901719901719903
3 0.6429738562091504 0.8243243243243243 0.12581699346405228 0.23832923832923833
3 0.883169934640523 0.8316953316953317 0.11601307189542484 0.20393120393120392
