1 0.12307692307692308 0.5178983833718245 0.2 0.35219399538106233
1 0.3465384615384615 0.7430715935334873 0.18384615384615385 0.25057736720554274
1 0.8742307692307693 0.726905311778291 0.18692307692307691 0.28752886836027713
2 0.8888461538461538 0.6062355658198614 0.08692307692307692 0.06697459584295612
2 0.6376923076923077 0.34295612009237875 0.10461538461538461 0.08314087759815242
2 0.15615384615384614 0.302540415704388 0.06923076923076923 0.07621247113163972
2 0.36615384615384616 0.6229792147806005 0.06769230769230769 0.08660508083140878
0 0.1576923076923077 0.2061200923787529 0.1123076923076923 0.1397228637413395
0 0.6230769230769231 0.24364896073903003 0.11846153846153847 0.14549653579676675
0 0.8738461538461538 0.476905311778291 0.11076923076923077 0.13163972286374134
