2 0.2508064516129032 0.6868279569892474 0.08225806451612903 0.09408602150537636
2 0.4120967741935484 0.7271505376344086 0.06290322580645161 0.07258064516129033
2 0.55 0.6559139784946237 0.06451612903225806 0.07526881720430108
2 0.6895161290322581 0.6948924731182796 0.07258064516129033 0.08870967741935484
2 0.8169354838709677 0.7432795698924731 0.06935483870967742 0.07795698924731183
2 0.8911290322580645 0.6196236559139785 0.05 0.08333333333333334
2 0.9629032258064516 0.674731182795699 0.05161290322580645 0.06989247311827958
2 0.33548387096774196 0.581989247311828 0.05806451612903226 0.06720430107526883
2 0.04516129032258064 0.5981182795698925 0.05806451612903226 0.08333333333333334
2 0.17903225806451614 0.5793010752688172 0.04838709677419355 0.08333333333333334
2 0.08870967741935484 0.7271505376344086 0.05806451612903226 0.08333333333333334
2 0.4806451612903226 0.5739247311827957 0.05806451612903226 0.06720430107526883
2 0.6169354838709677 0.5860215053763441 0.06612903225806452 0.0913978494623656
2 0.757258064516129 0.6451612903225807 0.0467741935483871 0.07526881720430108
