3 0.8127659574468086 0.8756345177664974 0.03829787234042553 0.09137055837563451
3 0.8563829787234043 0.8350253807106598 0.04468085106382979 0.08629441624365482
3 0.1702127659574468 0.9390862944162436 0.06382978723404255 0.04314720812182741
3 0.13191489361702127 0.33185279187817257 0.04042553191489362 0.04695431472081218
3 0.17925531914893617 0.32741116751269034 0.03297872340425532 0.05837563451776649
3 0.4164893617021277 0.9263959390862944 0.07765957446808511 0.06345177664974619
2 0.8494680851063829 0.45812182741116747 0.04574468085106383 0.035532994923857864
2 0.4664893617021277 0.35342639593908626 0.06276595744680852 0.052030456852791875
2 0.14308510638297872 0.10342639593908629 0.03297872340425532 0.026649746192893398
2 0.22180851063829787 0.640228426395939 0.039361702127659576 0.03680203045685279
0 0.14148936170212767 0.07804568527918782 0.031914893617021274 0.03426395939086294
0 0.45053191489361705 0.2785532994923858 0.08404255319148936 0.07741116751269035
0 0.8515957446808511 0.4098984771573604 0.05 0.055837563451776644
0 0.225 0.5983502538071066 0.04574468085106383 0.04441624365482233
