1 0.5531045751633987 0.3786764705882353 0.13562091503267976 0.38480392156862747
1 0.11437908496732027 0.4178921568627451 0.17320261437908496 0.33578431372549017
1 0.9076797385620915 0.4264705882352941 0.10620915032679738 0.2647058823529412
1 0.7573529411764706 0.2916666666666667 0.16176470588235295 0.3333333333333333
3 0.8129084967320261 0.8958333333333334 0.07679738562091504 0.15931372549019607
3 0.6854575163398693 0.8762254901960784 0.07679738562091504 0.14950980392156862
3 0.5334967320261438 0.9166666666666666 0.11274509803921569 0.15196078431372548
3 0.042483660130718956 0.8174019607843137 0.06209150326797386 0.12990196078431374
3 0.13398692810457516 0.829656862745098 0.07516339869281045 0.09068627450980392
0 0.5751633986928105 0.09436274509803921 0.11437908496732027 0.13480392156862744
0 0.10866013071895425 0.16299019607843138 0.09640522875816994 0.11029411764705882
0 0.7647058823529412 0.05514705882352941 0.08823529411764706 0.09068627450980392
